name pos or
ulb [9,9,1] [0,9,9,9,4,5]
ulf [1,9,1] [0,9,2,9,4,9]
urf [1,1,1] [0,1,2,9,9,9]
urb [9,1,1] [0,1,9,9,9,5]
dlb [9,9,9] [9,9,9,3,4,5]
dlf [1,9,9] [9,9,2,3,4,9]
drf [1,1,9] [9,1,2,3,9,9]
drb [9,1,9] [9,1,9,3,9,5]
ub [9,0,1] [0,9,9,9,9,5]
ul [0,9,1] [0,9,9,9,4,9]
uf [1,0,1] [0,9,2,9,9,9]
ur [0,1,1] [0,1,9,9,9,9]
lb [9,9,0] [9,9,9,9,4,5]
lf [1,9,0] [9,9,2,9,4,9]
rb [9,1,0] [9,1,9,9,9,5]
rf [1,1,0] [9,1,2,9,9,9]
db [9,0,9] [9,9,9,3,9,5]
df [1,0,9] [9,9,2,3,9,9]
dl [0,9,9] [9,9,9,3,4,9]
dr [0,1,9] [9,1,9,3,9,9]
u [0,0,1] [0,9,9,9,9,9]
f [1,0,0] [9,9,2,9,9,9]
r [0,1,0] [9,1,9,9,9,9]
d [0,0,9] [9,9,9,3,9,9]
b [9,0,0] [9,9,9,9,9,5]
l [0,9,0] [9,9,9,9,4,9]